1.7419 42 -1.00 0.00 0 
1.7364 42 -0.98 0.00 0 
1.7309 42 -0.96 0.00 0 
1.7259 42 -0.94 0.00 0 
1.7212 42 -0.92 0.00 0 
1.7163 42 -0.90 0.00 0 
1.7110 42 -0.88 0.00 0 
1.7096 42 -0.86 0.00 0 
1.7296 42 -0.84 0.00 0 
1.7496 42 -0.82 0.00 0 
1.7695 42 -0.80 0.00 0 
1.9499 44 -0.78 0.00 0 
1.9307 44 -0.76 0.00 0 
1.9115 44 -0.74 0.00 0 
1.8924 44 -0.72 0.00 0 
1.8733 44 -0.70 0.00 0 
1.8894 44 -0.68 0.00 0 
1.9094 44 -0.66 0.00 0 
1.9294 44 -0.64 0.00 0 
1.9494 44 -0.62 0.00 0 
1.9694 44 -0.60 0.00 0 
1.9894 44 -0.58 0.00 0 
1.7412 43 -0.56 0.00 0 
1.7225 43 -0.54 0.00 0 
1.7040 43 -0.52 0.00 0 
1.6998 43 -0.50 0.00 0 
1.7133 43 -0.48 0.00 0 
1.7271 43 -0.46 0.00 0 
1.7412 43 -0.44 0.00 0 
1.7556 43 -0.42 0.00 0 
1.7702 43 -0.40 0.00 0 
1.7847 43 -0.38 0.00 0 
1.7991 43 -0.36 0.00 0 
1.8135 43 -0.34 0.00 0 
1.8274 43 -0.32 0.00 0 
1.9962 45 -0.30 0.00 0 
1.9870 45 -0.28 0.00 0 
1.9774 45 -0.26 0.00 0 
1.9676 45 -0.24 0.00 0 
1.9580 45 -0.22 0.00 0 
1.9488 45 -0.20 0.00 0 
1.9398 45 -0.18 0.00 0 
1.9416 45 -0.16 0.00 0 
1.9227 43 -0.14 0.00 0 
1.9141 43 -0.12 0.00 0 
1.9052 43 -0.10 0.00 0 
1.8960 43 -0.08 0.00 0 
1.8869 43 -0.06 0.00 0 
1.8783 43 -0.04 0.00 0 
1.8700 43 -0.02 0.00 0 
1.8621 43 0.00 0.00 0 
1.8702 43 0.02 0.00 0 
1.8791 43 0.04 0.00 0 
1.8879 43 0.06 0.00 0 
1.8965 43 0.08 0.00 0 
1.9048 43 0.10 0.00 0 
1.9131 43 0.12 0.00 0 
1.9218 43 0.14 0.00 0 
1.9308 43 0.16 0.00 0 
1.9402 45 0.18 0.00 0 
1.9497 45 0.20 0.00 0 
1.9589 45 0.22 0.00 0 
1.9681 45 0.24 0.00 0 
1.9771 45 0.26 0.00 0 
1.9860 45 0.28 0.00 0 
1.9952 45 0.30 0.00 0 
1.8264 43 0.32 0.00 0 
1.8117 43 0.34 0.00 0 
1.7973 43 0.36 0.00 0 
1.7830 43 0.38 0.00 0 
1.7691 43 0.40 0.00 0 
1.7554 43 0.42 0.00 0 
1.7419 43 0.44 0.00 0 
1.7287 43 0.46 0.00 0 
1.7151 43 0.48 0.00 0 
1.7013 43 0.50 0.00 0 
1.6983 43 0.52 0.00 0 
1.7180 43 0.54 0.00 0 
1.7378 43 0.56 0.00 0 
1.9894 44 0.58 0.00 0 
1.9694 44 0.60 0.00 0 
1.9494 44 0.62 0.00 0 
1.9294 44 0.64 0.00 0 
1.9094 44 0.66 0.00 0 
1.8894 44 0.68 0.00 0 
1.8762 44 0.70 0.00 0 
1.8960 44 0.72 0.00 0 
1.9158 44 0.74 0.00 0 
1.9357 44 0.76 0.00 0 
1.9555 44 0.78 0.00 0 
1.7695 42 0.80 0.00 0 
1.7496 42 0.82 0.00 0 
1.7296 42 0.84 0.00 0 
1.7096 42 0.86 0.00 0 
1.7110 42 0.88 0.00 0 
1.7157 42 0.90 0.00 0 
1.7206 42 0.92 0.00 0 
1.7261 42 0.94 0.00 0 
1.7314 42 0.96 0.00 0 
1.7367 42 0.98 0.00 0 
1.7417 42 1.00 0.00 0 
