1.7483 44 0.00 -1.00 0
1.7676 44 0.00 -0.98 0
1.9674 46 0.00 -0.96 0
1.9481 46 0.00 -0.94 0
1.9288 46 0.00 -0.92 0
1.9094 46 0.00 -0.90 0
1.8903 46 0.00 -0.88 0
1.8827 46 0.00 -0.86 0
1.9018 46 0.00 -0.84 0
1.9211 46 0.00 -0.82 0
1.9404 46 0.00 -0.80 0
1.9598 46 0.00 -0.78 0
1.7753 44 0.00 -0.76 0
1.7560 44 0.00 -0.74 0
1.7368 44 0.00 -0.72 0
1.7176 44 0.00 -0.70 0
1.6983 44 0.00 -0.68 0
1.6792 44 0.00 -0.66 0
1.6915 44 0.00 -0.64 0
1.7115 44 0.00 -0.62 0
1.7314 44 0.00 -0.60 0
1.7513 44 0.00 -0.58 0
1.7712 44 0.00 -0.56 0
1.7910 44 0.00 -0.54 0
1.8109 44 0.00 -0.52 0
1.8307 44 0.00 -0.50 0
1.8507 44 0.00 -0.48 0
1.8706 44 0.00 -0.46 0
1.8906 44 0.00 -0.44 0
1.7966 42 0.00 -0.42 0
1.9187 44 0.00 -0.40 0
1.8991 44 0.00 -0.38 0
1.8794 44 0.00 -0.36 0
1.8597 44 0.00 -0.34 0
1.8578 44 0.00 -0.32 0
1.8729 44 0.00 -0.30 0
1.8929 44 0.00 -0.28 0
1.8943 43 0.00 -0.26 0
1.9070 43 0.00 -0.24 0
1.7414 41 0.00 -0.22 0
1.7216 41 0.00 -0.20 0
1.7018 41 0.00 -0.18 0
1.7178 41 0.00 -0.16 0
1.9898 43 0.00 -0.14 0
1.9716 43 0.00 -0.12 0
1.9536 43 0.00 -0.10 0
1.9352 43 0.00 -0.08 0
1.9172 43 0.00 -0.06 0
1.8988 43 0.00 -0.04 0
1.8805 43 0.00 -0.02 0
1.8621 43 0.00 0.00 0
1.8805 43 0.00 0.02 0
1.8988 43 0.00 0.04 0
1.9172 43 0.00 0.06 0
1.9352 43 0.00 0.08 0
1.9536 43 0.00 0.10 0
1.9716 43 0.00 0.12 0
1.9898 43 0.00 0.14 0
1.7178 41 0.00 0.16 0
1.7018 41 0.00 0.18 0
1.7216 41 0.00 0.20 0
1.7414 41 0.00 0.22 0
1.9070 43 0.00 0.24 0
1.8943 43 0.00 0.26 0
1.8929 44 0.00 0.28 0
1.8729 44 0.00 0.30 0
1.8578 44 0.00 0.32 0
1.8597 44 0.00 0.34 0
1.8794 44 0.00 0.36 0
1.8991 44 0.00 0.38 0
1.9187 44 0.00 0.40 0
1.7966 42 0.00 0.42 0
1.8906 44 0.00 0.44 0
1.8706 44 0.00 0.46 0
1.8507 44 0.00 0.48 0
1.8307 44 0.00 0.50 0
1.8109 44 0.00 0.52 0
1.7910 44 0.00 0.54 0
1.7712 44 0.00 0.56 0
1.7513 44 0.00 0.58 0
1.7314 44 0.00 0.60 0
1.7115 44 0.00 0.62 0
1.6915 44 0.00 0.64 0
1.6792 44 0.00 0.66 0
1.6983 44 0.00 0.68 0
1.7176 44 0.00 0.70 0
1.7368 44 0.00 0.72 0
1.7560 44 0.00 0.74 0
1.7753 44 0.00 0.76 0
1.9598 46 0.00 0.78 0
1.9404 46 0.00 0.80 0
1.9211 46 0.00 0.82 0
1.9018 46 0.00 0.84 0
1.8827 46 0.00 0.86 0
1.8903 46 0.00 0.88 0
1.9094 46 0.00 0.90 0
1.9288 46 0.00 0.92 0
1.9481 46 0.00 0.94 0
1.9674 46 0.00 0.96 0
1.7676 44 0.00 0.98 0
1.7483 44 0.00 1.00 0
