0 97046455 13
1 1610934651 13
2 -2030556157 13
3 -2017185574 13
4 187712077 15
5 -1509261528 15
6 605212682 15
7 -101413979 17
8 -1205341606 17
9 -1060275818 17
10 -2084671482 17
11 809841062 17
12 1923913061 17
13 324628408 17
14 360327962 17
15 -1326295965 17
16 -1965554262 15
17 92249550 15
18 1590553821 15
19 -836691469 15
20 294093780 15
21 -1649026390 15
22 -304831343 15
23 -386771043 15
24 1772846275 15
25 751151227 13
26 1971127106 13
27 244991808 13
28 643083649 13
29 -1926980649 13
30 -857529462 13
31 -372724364 13
32 899755205 13
33 -1566647067 13
34 123065991 13
35 -1883943719 13
36 -559983481 15
37 -339710827 15
38 -280044984 15
39 2072310561 15
40 -1816761842 15
41 251165999 15
42 1731152660 15
43 834907271 15
44 -1405398667 15
45 -1623661114 17
46 2100068765 17
47 -1186203591 17
48 -460609939 17
49 -731496983 17
50 1649482653 17
51 -1465105770 17
52 887684588 17
53 -818898096 17
54 959488176 15
55 564295380 15
56 -281796788 15
57 693490221 13
58 1934817576 13
59 1421941938 13
60 1887145231 13
61 -1921548810 13
62 1973236990 13
63 -1665912079 13
64 -197986504 15
65 -90302133 15
66 407076173 15
67 -19346063 17
68 -506635026 17
69 -197545695 17
70 1912128556 17
71 337562528 17
72 -2080557857 17
73 467903815 17
74 -445092075 17
75 2111799030 17
76 1598827886 15
77 -1021832663 15
78 857068683 15
79 -1486722730 15
80 -1493699558 15
81 1070913958 15
82 -1257234664 15
83 -1289808331 15
84 1208861012 15
85 -633784967 13
86 1262014868 13
87 397663662 13
88 -1870389965 13
89 -1473951491 13
90 801663807 13
91 -1508511052 13
92 -737694475 13
93 1226179295 13
94 1139212284 13
95 667857910 13
96 -7683176 15
97 1777350635 15
98 -1958638959 15
99 -208723378 15
100 798076656 15
101 199136560 15
102 -1028639352 15
103 -246047807 15
104 1598827886 15
105 1999204827 17
106 217059751 17
107 -1701833653 17
108 -1740162981 17
109 -1142597529 17
110 1843646248 17
111 -328845238 17
112 1922947869 17
113 -628390154 17
114 407076173 15
115 -1491827848 15
116 955873291 15
117 -281897468 13
118 1047504240 13
119 -1921548810 13
120 1359492061 13
121 26726007 13
122 1934817576 13
123 1367772991 13
124 -281796788 15
125 -1132304595 15
126 -1897219887 15
127 640009771 17
128 85590456 17
129 -1366517022 17
130 -1295568844 17
131 426078474 17
132 1737525970 17
133 -1407522377 17
134 -389769872 17
135 1166368047 17
136 1224487553 15
137 -893913831 15
138 182107515 15
139 1661975610 15
140 1622411917 15
141 200244265 15
142 -1104415639 15
143 -1131463647 15
144 -1393228470 15
145 -1955358971 13
146 -1314654359 13
147 518020384 13
148 -69733020 13
149 -298210013 13
150 -1425928554 13
151 857822146 13
152 1753550961 13
153 -1820511847 13
154 66100976 13
155 1865796610 13
156 2007917680 15
157 1769988706 15
158 2029393456 15
159 -1649026390 15
160 -1749192702 15
161 972929948 15
162 -598098582 15
163 -292872255 15
164 1849103120 15
165 -1738121754 17
166 1329751216 17
167 -148962433 17
168 -491381646 17
169 -581650667 17
170 792383721 17
171 -1503748909 17
172 -1920585740 17
173 -507223137 17
174 225960782 15
175 -1943190097 15
176 187712077 15
177 402492021 13
178 339982139 13
179 1399640544 13
180 -1923500486 13
181 -442168004 13
182 -1708934825 13
183 -1667925924 13
184 -627159925 15
185 -1115271998 15
186 661103892 15
187 524335581 17
188 -603464501 17
189 -2105905739 17
190 278526873 17
191 461660481 17
192 1426124864 17
193 281329690 17
194 537657636 17
195 -1205810307 17
196 -1283660435 15
197 569497075 15
198 -515751535 15
199 2080465967 15
200 -2096474907 15
201 1285194272 15
202 1235963145 15
203 1751445697 15
204 1733175525 15
205 -363494151 13
206 432023903 13
207 -869740005 13
208 1118450670 13
209 -1363996218 13
210 609551202 13
211 -447238495 13
212 -129570635 13
213 -165699917 13
214 -570927450 13
215 -1179742837 13
216 -1521960247 15
217 470487718 15
218 -707502614 15
219 2132137327 15
220 -726955379 15
221 -5539213 15
222 2123014523 15
223 -1192805884 15
224 1970151351 15
225 373791109 17
226 1293640555 17
227 396381861 17
228 567010750 17
229 1463702022 17
230 620018348 17
231 -1859448742 17
232 -412191665 17
233 206606708 17
234 2136988931 15
235 -52248379 15
236 -1912762531 15
237 1367772991 13
238 70087187 13
239 -1809138248 13
240 1359492061 13
241 1063555765 13
242 -1221920137 13
243 1819249046 13
244 1270652136 15
245 -203251548 15
246 -57385143 15
247 442730433 17
248 -72466434 17
249 2125836681 17
250 -862856011 17
251 1817734387 17
252 -1134565331 17
253 -833323197 17
254 -1290321406 17
255 -1084854116 17
256 -1048141535 15
257 665305964 15
258 774772516 15
259 2056127451 15
260 948714649 15
261 -862925148 15
262 -1753678921 15
263 -2035893305 15
264 -1687259741 15
265 -845350482 13
266 -386540526 13
267 -287446393 13
268 -95681337 13
269 -1439391648 13
270 622905302 13
271 1691488 13
272 1732121478 13
273 -1914520261 13
274 -1069672607 13
275 1349739430 13
276 540292358 15
277 -1771504567 15
278 -980739842 15
279 1725140183 15
280 -498424222 15
281 -360880410 15
282 286308628 15
283 180786461 15
284 1412223196 15
285 -915630168 17
286 639675759 17
287 -400601457 17
288 227016351 17
289 -482534473 17
290 -1828290329 17
291 -2137008341 17
292 2053006138 17
293 1786675739 17
294 1652938758 15
295 22671013 15
296 -2112445694 15
297 -281897468 13
298 -52304818 13
299 326259236 13
300 1094028329 13
301 266758465 13
302 1332380343 13
303 -434847718 13
304 1349192928 15
305 1180863421 15
306 -512361308 15
307 -2100752525 17
308 1710467720 17
309 570052678 17
310 -1776221847 17
311 1410731602 17
312 2121680049 17
313 -488893990 17
314 -1402620021 17
315 -831083607 17
316 -485957173 15
317 -594997466 15
318 -2141451855 15
319 1918695584 15
320 160833866 15
321 -1031071545 15
322 -676945667 15
323 -3496898 15
324 -431230565 15
325 -1894381798 13
326 817059516 13
327 564084317 13
328 1019432724 13
329 -1862991688 13
330 -164239568 13
331 294837621 13
332 154885299 13
333 -705780018 13
334 1605206370 13
335 -1314525298 13
336 2021150333 15
337 -320757861 15
338 404627330 15
339 1958692449 15
340 664550414 15
341 109328690 15
342 1580816081 15
343 149914 15
344 -447447119 15
345 377599036 17
346 -1083724719 17
347 -978460438 17
348 6425705 17
349 -697279542 17
350 630848710 17
351 1697894423 17
352 970807863 17
353 1893603797 17
354 170095071 15
355 -127558767 15
356 -1170882482 15
357 53232262 13
358 18360706 13
359 1399640544 13
360 -1923500486 13
